     0  1  2  3  4  5  6  7  8  9  a  b  c  d  e  f    0123456789abcdef
00: fe 74 00 41 00 00 00 00 00 00 00 00 00 00 00 00    ?t.A............
10: 05 00 5f 00 00 00 00 00 00 00 00 00 00 00 00 00    ?._.............
20: 00 00 00 22 00 00 00 14 cf 4a 00 00 00 00 00 00    ..."...??J......
30: 63 04 42 d2 45 22 1d 08 ba 18 7a 5f fc 16 00 00    c?B?E"????z_??..
40: 00 00 00 00 00 00 00 00 00 00 40 00 40 00 00 00    ..........@.@...
50: d9 0b 10 0d 00 00 9f 0a 52 0a a1 04 16 06 7d 0f    ????..??R?????}?
60: ad 00 2a 01 00 00 00 00 00 00 00 00 00 00 00 00    ?.*?............
70: 01 a8 e1 00 00 00 00 00 da 03 16 02 00 00 ad 0e    ???.....????..??
80: e6 f9 ff 80 b1 00 ff 00 00 00 00 00 00 00 00 25    ??.??..........%
90: 07 a5 00 07 00 00 00 00 00 00 00 00 00 00 00 00    ??.?............
a0: 00 00 14 05 00 00 00 00 da 01 15 02 00 00 ad 0e    ..??....????..??
b0: 00 00 00 9a 00 00 00 18 80 32 00 57 d9 04 00 00    ...?...??2.W??..
c0: 01 01 02 04 07 0d 10 1a 24 2e 35 3d 49 54 5c 63    ????????$.5=IT\c
d0: 00 00 00 00 00 00 00 00 00 00 00 00 00 00 00 00    ................
e0: 00 00 00 00 00 00 00 00 00 00 00 00 00 00 00 00    ................
f0: 41 00 80 03 00 00 00 00 00 00 00 00 00 00 00 00    A.??............
